Term,Lag,P_Value,Significance
rsv,1,0.0005104596304139542,Bonferroni
